3
4
6
7
19
20
21
22
23
24
25
26
32
33
42
43
79
80
81
82
83
84
85
88
89
90
99
100
109
110
111
143
144
211
212
254
255
256
406
407
416
417
443
444
445
464
465
512
513
514
515
543
544
545
554
555
616
617
666
667
668
800
801
900
901
902
903
911
912
992
993
999
1000
1001
1002
1009
1010
1011
1021
1022
1023
1024
1025
1026
1027
1028
1029
1030
1031
1032
1033
1034
1035
1036
1037
1038
1039
1040
1041
1042
1043
1044
1045
1046
1047
1048
1049
1050
1051
1052
1053
1054
1055
1056
1057
1058
1059
1060
1061
1062
1063
1064
1065
1066
1067
1068
1069
1070
1071
1072
1073
1074
1075
1076
1077
1078
1079
1080
1081
1082
1083
1084
1085
1086
1087
1088
1089
1090
1091
1092
1093
1094
1095
1096
1097
1098
1099
1100
1104
1105
1106
1107
1108
1110
1111
1112
1113
1114
1121
1122
1123
1124
1130
1131
1132
1137
1138
1147
1148
1149
1151
1152
1163
1164
1165
1166
1174
1175
1185
1186
1187
1198
1199
1216
1217
1218
1233
1234
1247
1248
1271
1272
1300
1301
1309
1310
1311
1433
1434
1500
1501
1687
1688
1717
1718
1719
1720
1721
1782
1783
1839
1840
1862
1863
1864
1971
1972
1998
1999
2000
2001
2002
2003
2004
2005
2006
2007
2008
2009
2010
2020
2021
2022
2033
2034
2035
2040
2041
2042
2043
2045
2046
2047
2048
2049
2099
2100
2105
2106
2107
2160
2161
2190
2191
2381
2382
2383
2393
2394
2601
2602
2604
2605
2607
2608
2701
2702
2717
2718
2909
2910
2967
2968
3000
3001
3005
3006
3007
3030
3031
3260
3261
3268
3269
3300
3301
3322
3323
3324
3325
3369
3370
3371
3372
3389
3390
3689
3690
3800
3801
3826
3827
3828
4000
4001
4002
4003
4004
4005
4006
4125
4126
4443
4444
4445
4446
4899
4900
5000
5001
5002
5003
5004
5050
5051
5060
5061
5100
5101
5102
5221
5222
5225
5226
5431
5432
5678
5679
5800
5801
5802
5810
5811
5900
5901
5902
5903
5904
5906
5907
5910
5911
5959
5960
5961
5962
5963
5987
5988
5989
5998
5999
6000
6001
6002
6003
6004
6005
6006
6007
6100
6101
6565
6566
6567
6666
6667
6668
6669
6788
6789
7000
7001
7002
7200
7201
7777
7778
7920
7921
7937
7938
7999
8000
8001
8002
8007
8008
8009
8010
8011
8021
8022
8080
8081
8082
8083
8084
8085
8086
8087
8088
8089
8090
8099
8100
8180
8181
8192
8193
8194
8290
8291
8292
8651
8652
9000
9001
9002
9003
9009
9010
9011
9080
9081
9090
9091
9099
9100
9101
9102
9103
9110
9111
9502
9503
9593
9594
9595
9876
9877
9878
9943
9944
9998
9999
10000
10001
10002
10003
10004
10009
10010
10024
10025
10616
10617
10628
10629
11110
11111
13782
13783
14441
14442
15002
15003
15004
16000
16001
16992
16993
20221
20222
25734
25735
27352
27353
27355
27356
32768
32769
32770
32771
32772
32773
32774
32775
32776
32777
32778
32779
32780
32781
32782
32783
32784
32785
34571
34572
34573
44442
44443
49152
49153
49154
49155
49156
49157
49158
49159
49160
49161
49175
49176
49999
50000
50001
50002
50003
55055
55056
56737
56738
